8657246996689067324
12762635083470581390
3481535022480186001
14859925980865809173
2159673491208522347
18269353581548343978
6155937852656718421
17131505790436981862
597728606841839707
11111578946208748745
18322882013133898594
16236119901387782935
7121148804615966844
15835989887847245726
15147837478039823125
14181167481331747118
4538523340202721126
1413556819607477885
3077070478369756048
15218792388333102847
11661899395304404386
9524823154542531995
2656498625801695221
2124113065067456223
13690885251516640621
3891185978540244904
11440338125873973
3729159665284794481
4572696538172973603
13510278852174264765
11450478675778734962
7303771123793516977
13126370544955786218
14964991405217545304
4464481941972105340
2845169582787330985
13915455851668153454
9814507952388187856
8793496734370497803
9266428665219388396
7709433062240172401
11225813200712024732
1336815618457510876
11555748112587939699
6215893778223006937
3566441792457791321
4244343216192493538
7548720988738765723
12195451237230044490
10986684436160480180
2542882146290593646
3765122110600079898
14652972115602649503
5733741923845128676
6916693776219743127
2798850397330541036
17607874478476438176
8280481859047198333
556747750768081396
7395890049854342442
17251196941443612256
1631570394065507327
4863045671527353936
16323968383970646640
11528411274734907932
15620352918581249843
9949003046073850744
8507161656376958280
9126161375315901121
5108120614753393161
5899415056871129243
11953325083573341069
9782449677798689714
18339723567375833449
6512300803069367627
15854941726918664178
8784136809927536037
1030699414105088097
15779352886582173237
2078800050852431102
15470656315518280377
3520287087568925573
2418117973137833284
2715399196309394805
17855804883234654928
12552736505062601061
11641143136232142004
13540469728594809159
17613852719441468906
9210679528155514918
1125800814303257985
5523447496779420685
6248261080780140176
17582783874263031810
14316622769715253259
3083252435378030084
5987119395746474224
12114692430766674833
15269453486481741977
2314148561712164634
6920375922037679031
3884556311567564536
6215578859133821872
14935815346792710
11296191659870572126
12198522395351381220
11248463851056463108
12541478995726466279
3864998423010367132
7878608379019882214
9538488794409093021
13833476769335748312
16011113568501322127
11933664857885583248
2283044142463486340
7306577899346461831
11276812397792411019
94922101933491169
7168573451739104763
7103110361736009111
5220838709475246669
3624157582091436826
9048990118178553996
9393160949381574575
15436854914639935221
11071504177809150438
6248584958868090340
1031689904464592522
16624960605255474833
14971423067311449338
7007335143848797751
8312290303598299452
4897616055179178488
16249092283623171538
6407667031008744575
5473776842372164038
4780170619783780388
4895661498858192449
7487107532164876045
748127215752072820
562414556938744540
8290905126440490745
11374744491870350867
15054996063831323311
3488105133388116066
7277827608586978016
7017834661945969015
8378441812163666551
10638994633041995026
2790552499427471756
16772795762660480069
8973512056194198906
8340830343790426424
2633045275037883006
10470285846147487594
15713038280787648845
16534053118353334152
10156674675410202146
4275210424251211386
7238532774417087276
12202279349949600013
16391060134201956135
3696479938151377947
13358674605220660861
5384096472203481569
16161982205731653955
9355127291026384540
6531040742491124565
2739900962007201734
16158641831469868099
17149814905831659825
6039529148123804736
17630099102215673482
8268528312425945251
6793246910333492213
4659090359253878211
2482556639571865236
5775255471859332050
5394898996228092681
7155042520239823475
11101500595010437303
1395941098842381089
8138841501507475044
14233898717387756815
17818916495689872241
1209591817553318301
17902264181843007349
5860895341401426794
8957587461015135315
15085087760530608493
6317198485079073035
1858625938962588072
10511775527313800724
2626746626685008496
1108465015563362538
4266221035871000706
2396755951156036120
2122070406885507805
14923690447894963950
5631247254757727489
2187627962101466770
13046754644547667389
14720986950965504323
15619120914759979162
18374157897317298902
4883753094098287883
1676713297203154864
3897714255198295164
15872078393757896642
14817748135400914050
3107270922287081997
9512109325207414233
6533222255485607448
7977215324695909377
17835222766031791005
14704516795110044761
7218843058430476982
4612452481999005209
16320771030863513128
7549658042645929423
16172158032619434137
241120662895687235
8080308409016704286
11899679161127814236
18112225584659333250
428968210476379004
3329295261395430014
5697361462879292356
10586597182765699372
836423692711878580
11330767597410370409
15920710149593328226
3687156757206775858
12661517827452869480
7858604274627975472
13965869989981759405
15714144899610528787
1675125345038860426
884197627716377056
3554406528842666858
14580178589636608618
2703653808759094575
9755581817481370719
14710586124073879147
10173140264824500978
14752298721300348000
14955472543986070579
10935004576470519503
13490683785994878369
261389503349343299
4686467513425832488
4694567812382072075
8139443333231529376
9470579761078861139
12194235388192167434
17872106809069950473
4351519217103338047
12268103946129423377
2200868118867223582
13804248566422386988
2741785331161698233
2884693805542360230
11893956873214755067
6304529554145621009
11621445617468943454
14354723220839701512
9288235104996783072
15610989497056212671
13036827735630730378
2693224767305709361
9395831262985009789
12820906088431178554
8006427948338952341
2425273383144381522
18069828808385283771
15034859793567894133
9269738836779342777
583238264256682916
15636817121091682472
6263887553580313440
12131992275061704830
1507503674381981932
11062425962642345900
3619469504302512914
8434130313822794935
12869449021957067645
15093979039910704703
12329019575484993084
14104845844004510517
9821581309043922872
17554473503180819772
3474411595475263314
17346369816899894928
2063285125015624512
6066976324746137673
17320505373121709381
17552775670766126080
10387137874547959265
9343876687911856860
18293954884977592978
13230300131109265402
10665981278409321523
12238672448173773262
6426340342375036520
15036860561918162149
7648910563014887719
4890108624514328654
1265387748905212697
14880261572306009501
5878430457809096834
3551888915817260705
13773066912251272416
4643886566283882040
126774762253609940
4882265772975102949
17668883929068350269
12692435027476953247
2566406591023170368
17614243609598144561
511633255346837421
1415004589801750108
15104402499748523775
575762453175112942
8656738248795270060
3750787339248529932
8228522870577777803
1235885275489766969
12656886765500308253
7117789937691390658
5238101355575094692
7469603770592864887
11479150729985977462
3133855213912193419
1498354431259166744
216966793984584564
15932077301940765044
1391225325010352311
4232208577781561661
12665441588415238949
15296192276841173839
12754165417538326582
3037344481152548871
4919385033590079779
16959878037995364567
6581663687724972913
1682746851578000534
17751252941933192326
4914750524686544473
7578143320613953945
12803882675812186918
14084667405722455937
4231288805146966043
17347757597845062855
5079557935923458565
8573398338885198397
8922869428484684261
7592948781511184990
14114856298042088259
11564095829403604214
6022426395520653104
1127258788254097316
8237396349798973641
7475983368141511839
4535174026338886015
17034327207503489240
7089107806849941925
14052179736485580077
16543662854935183545
7329155896303457781
14218743400289057916
8646132744320181509
18229137933816566850
652778897650402274
587135772324242898
5815481461150025185
2630908197072101579
8767298111467661988
896134179723493261
10843304935373168434
3090391010478808266
6951759399843251623
7976244615759916376
5458210916108842295
6406619116967297131
282969277018567652
11128622475246426629
14074268172659675854
16374463820874885076
5889578533224337031
7484119950039460734
16692206141241396442
11091101459229939188
15454877810379768369
1305866244224508183
13102073578048699518
5355134817476446305
4660664388820637037
9135419901069087186
7619711219293509712
731618441945307365
9615402362776244538
11575071757089887530
12201316750664187812
7620862846839671473
3463982124825560491
8183925588602314321
13247172166383708113
2918015750753633045
2150890719175525768
14451340357282970066
3547560212672876821
14935520917081884918
1881635564593025537
5735242007359719531
1957683054996053974
17379901669707262570
3573249797394881998
3668970326892669176
4184616242201528237
8467354203708644365
12196150246675114235
10927115160807186363
11759283498273078019
14912522793819788770
17979863807427208306
1208331885086432142
1432161711543448780
15177145182414792709
18168385730009838106
15599735649603148567
15505408128072499689
3320463968834908173
191884227650704988
7213234109070078180
2107884699764050704
8807640348460234031
16580726380601405617
17244753697878763234
6807779029331629058
13228422506838716715
15365525637363235710
11541067108242669436
9221426665723110357
12056041066239724911
13212000586341874755
16217010601780263188
15886733292054694957
544335698938659973
15846977389279431995
13712805406996992508
632861381815504852
5965768800726166425
5481362399984450588
4275129301048242166
12324829488076264344
17876502686632249587
15550406003179587490
3934687799066920989
3865078622921608302
3029752317883609871
16938099581057614697
12634438627045992259
9242838626436634048
11503092380626974507
9110114457208420850
7935042364781253539
3121401632016347211
9978426287447479143
6925572213686792471
14746881497246915463
15019245607644783363
2725242886776488349
4729508183603365673
9156834546243298390
16632431958909397557
3170139305103544176
7294818254460238706
16231497985518720557
16395202950026044727
14893267963187484305
13940407046397403317
11373354580044762982
17797059307422332960
17503603661064641199
5798565148185047512
2575370021080584030
10711381586924426249
16439831117167145598
3284936439562258547
17681432982930415288
12121131311017370453
6977547281740031937
7749248953537788712
16890154294549448028
3924745874496273239
3446598786009082648
1560177262384918272
2719551973452097818
11905801521032203460
12027486304183114595
376132761608124649
11011358215313426488
9494369865279048153
9144654829962694834
13134993884327769178
10922336744312876031
10777668949967866379
6346103460574632036
16140339047015319794
10699130424355931454
15624983015798510893
16264375370722370673
17168618899613503135
5876709406253624644
9455658514792254265
15807771061368209283
12133948002318108505
16557256284337114447
1671561660269695909
12002420180741121673
18052909075360333250
7336134086012288161
6092855206390005464
10096510772929151803
3882924554504813688
10801961055729616810
13595701266381864844
12571720765518272115
8126415522784082781
477209023377563474
11620128339348578239
14086706838568205200
16483010352085903003
3678084148645232508
10094307779875945939
10401254849451955663
5339447416857222236
14986609611714659507
2407755573119908786
7997860706599797522
6141327484365463606
8502222716912375824
1803910325634950904
18010067312421566036
12027061576028897920
5993767183547950054
6717569943878172282
16841246018748477543
14878782198042863974
995914642430308755
4660699838359821166
4272527930376487067
9835727830738554815
610594130869665863
2450779931624086329
2201781756101085063
6454269951893861509
17498842612254641128
11306746750798060355
13758495319244284529
1164503846997316936
6201248797905439079
9948980121123156930
15681586557377373484
3892354124670405368
18007142099899479391
16019387000197614088
15521626196416489122
9156967786487447185
1596896941693386461
6107661143450983489
16200383200405924271
1628559547849541147
17606800136702271562
14921165156923596732
17751780988038312154
4604572970564538891
16660394845696631887
8600033642344432275
9481216988776381190
17340766709336468329
6302108500495215934
8551442156758823796
11568751887988223258
7910762360104555780
8804241620124875851
15683539485837281215
13000593786913555687
1757829068002996529
1785108702514831580
14784954259197414026
17703289474480814491
1710457676375117812
4949885190135746490
13844861917844428575
17971562314079221601
3844305715248819815
12418832902921951409
3190840578296083621
6244614103611173022
11583379817645532446
9077422454258825606
6378886983961356660
9283139353171375864
616686328421462346
3521984012433450367
4449623385612098806
1993803955431120044
10503307927929248097
12704275343052574572
10182194650763894107
9126940251919548538
18090738650087027830
6291393237142952358
8477206174317145633
18185076432539711728
6063374228118003440
14403817658948253048
10484828125199399504
7913676397216333048
13221752715603100106
16921939212944437307
10814340805490684549
15946852489882505347
14391910552063672650
17597774591133610657
1300723866725743236
3620955010838401374
16347877428069322663
12223214191413939347
5439946438433952711
2219171045663737993
14318738153617900755
9153418311214575724
6166064195963921795
282143042302096114
5968629448749783577
16976983450090098803
18150259709474210540
10261115984956168807
11547347468302370457
17512617272452312881
3834091082931370613
13611000832560796146
18372984120515927677
2057170527430094198
16871052687660833841
14376202299981856605
18240762636336886843
5059299114961227106
5747578236136941942
3158431154509410476
6913274703925066838
2391887355406415236
12456659912162021845
7220840543772183958
9514624220775854198
6621527013961005251
11174915304896276776
14836380429957943042
3623095591307410599
6065687627447480692
3066364994271733154
10323505604234933082
1937480416265584830
12448304363005460589
10458367070176212696
6508344023096205095
4290381685414431511
3145055597832924913
10287819710818267166
5276334676479519228
18309227863545881124
14814399324326071969
6775325800490069439
13178832686106486274
2196447211594283289
3153791409469018419
12087838830516913324
16659836732667893115
15335202433350336079
11931754537038446684
9670035531317206305
15221001907808565495
4562528715920255464
13483389796263070140
4903562938084812602
4896150728792110738
6831560522293587292
17231154268773127362
5509558871514407687
11900286980354660277
11239098765418643865
8898543167039274411
10711607770280133997
16239034473281540639
6232322078050037419
13481192179967989498
5723860315212617690
2810178778812322873
10029961110210450178
16151009926590103849
6614889660030444948
15930883604786981377
1089837118445246522
2552487237373861507
11645803129591330699
17938234550014730106
10761182006771496919
355552869426305356
2789399325571513715
5843593054166828352
14435349096466362662
3683544502581189655
11377659272019636157
5920396597721703792
14468671096052586147
3807701824826849639
4612108972836982669
11199970575220386340
14976914874536462478
2849732077638856746
12547943650427408381
8083411716966211726
12433159955738367529
14331743522703366959
7714949325614373147
2523252083863089731
1706427879270571772
5206126723267353083
13087473701013505857
2264371183761103426
15521220556256745291
3004001602747766092
747399600004500909
4000516195639520685
9589337639361483386
13615143198970430483
15470676571880535144
7338055146008627263
16052534675188683528
15121756862792711996
9827242829652300993
4633574435390614172
4802512632809682037
14704402468341349342
15208187097130112211
7894910184234677737
14349283535941334787
16773071802824563611
9228306764939157850
9665742321905530202
8309956517258982293
12030246709387957758
15518217749739787383
56110475651892394
13387528483675113493
4906924774068833792
15334703379340412151
15105012859838549429
5820243082164665740
4054979999829746260
1323427590851601897
17856795835506819806
12535684118532380357
4650615483959213530
4522702197416040046
3489741676776853927
16556438773490131855
4832798135941283522
5894123928926077372
3646315972633210128
1768790553156632396
6779201690267400721
4440737025480702915
17292836035109395387
13120166084753500762
6947516837820100198
9217530786388541581
13851005990594408091
4514654061216918927
16735473047006138550
7396715760242978406
9274789391965651138
1987688239035018558
9237101587612034164
4029299585409572135
923380888041987259
8225154318752611461
17802770472428481371
5078850870845291521
11413071463166122932
6385342544926983996
8661130594404873290
14439598599382227582
13890055043058698081
4336873803628587032
17326533336832731225
7358281048508817014
15930404062162434004
1028269225299527436
12407615263517386265
17620920267369561355
16770316994741405447
18004929827213057583
11635412404635101146
18078053322631366794
1706362099631548210
17892775927743439633
12468236882953363704
3663877502719870100
12585056541171822224
7384319822978585063
1332243445443297991
5795406721620343246
106977588150620794
3322885849535919009
9957282683845724143
2357875999942217375
1665070643946795800
16700912731180504234
7153620029634688368
11085498125425657111
5307223322650565728
7111288407330459936
17460729705183623718
10910326422178474141
15558679975212868648
14531775570744100478
894030337237603723
6403216181593343360
10801781801520864424
11469921711656614775
16507015961194944831
3851739788308412130
12921232205943000652
14938632542184138705
13033306967514274772
17373343468163792558
7256402131770289291
11870429164316535736
7440736979873867332
12456074847040413415
17480907568221670011
4862260450702395649
5889433688609587120
7256043842901109321
15621320880678580185
9255995790451626667
8387414517306097266
12079374985317832025
17611302346237063906
166558741062204336
3965172574012206394
4769871994959168371
575516981881931784
16409598427702813118
12024522631693008578
4835479125249817099
9532131395194645383
7610447712808078062
11056964071727123467
3848647108709100406
9992001874258774122
17288693751609611496
3493160764054144094
141367163129988129
16348653743496918143
9065268085935387451
3025072717696806981
927865094816591867
736793071700479106
1580655605758633977
7030929594192951717
9039189958837012349
12284281160688001575
7026152152426410895
10720150724294040549
10971367197231528169
12154051357708907374
15735462425892201062
16850791788631274535
6472136174898094337
1987165942994492958
6704362501844386907
530482695846754384
1502817160918012521
1320988070439472271
2722648602888741415
2741871369913532612
3914547899035595998
11885849051614281385
6056267116985106073
2831163990481442313
7376629287736741264
10869935877340086155
9289160592577814705
7384576836539587142
4601738871121866988
12161143831612285509
11031633279222495451
6715623116845409160
18324643051211733972
1793821667753571731
13205104070363110761
10493153141064951543
1488674661794613135
18030398880579247443
11789174356873906018
15729790018710904819
13684325374946032447
11858967236701133980
3988551231415359998
6939626874600924250
1245580884280340331
10858081528605983647
2112644853359337927
17507668097944284734
13488053557421748228
10554676459543454023
11774236086525176294
13662720863550227922
25726505582160717
13874443787007926499
1432601893584978951
4999986432808118483
1299078442113298155
4957522681274798529
18138899620105451946
8813130495354048300
14897452569486981101
10223246209630983922
14239604856672636174
12120204982817988155
11520376360124864270
16388149348275927345
7878947394476591786
9054823324057440807
12199502709588239636
12440277299292902479
5861980958454968765
7757037743258793388
8304797610391295785
2291602183598092076
336735463705896243
7272286499609068587
5203110584877295554
17758569893900079074
5557881417430470525
12906917554700610912
11376790375896857086
10455105294585547859
6266274520531198951
8368363203451194438
2523780837276837467
7107603750590253466
9829283874085275936
10582387206431543207
1893718285110018793
9696234421971716372
9684816822783945783
555291577193052168
17247556697870073856
4727145323540096343
2679172526398950810
15837277003996978313
18248553114055213709
1015725727161458547
3937329251478256610
17524132325097367704
11525099917782935321
14575514566463942489
11764447036059646027
4503951816082470360
888780621685179979
10993655229528872547
15656972893083003727
12399847256677931420
4343726171225227845
17601265625129403669
6442444940509887373
13455227504033907292
3012771052045131435
13809869455220056169
11198302692901686282
8556561535898256128
10526284036522068553
16314014080522047271
11998497679384263682
12343652121843558526
3352294869890161305
1418165552803446101
4612312288797155366
13925349195410627729
9321144852088378294
7095969428088212867
17657464369925298534
12488475752554152200
13809722401101944038
10540048340790750418
