6374208946429926335
2248263906540151461
11201977742656457182
11392091906340644897
15485512352969281495
13098492369974698301
1798391233560798494
3598053558368716792
9114030632469841093
13808307335257412615
3514807136137113829
11927801027100927769
16877494301143244351
3426799952891310432
5358049843139752581
8959283304683527371
3870474434433121040
10166856618719463123
7989092716131169849
5459492361859332069
4548688360012190487
10980641653369829627
16045926999457368935
4946361768639221850
6091241602869136438
2759255094602756149
4213625653624861236
6905196839802642466
13855740596617086569
3619810911137011218
